0 ori(-351, 195, 0)
-->rot(15, -382, 118)
0 ori(-312, 195, 0)
-->rot(-4, -351, 105)
0 ori(-273, 195, 0)
-->rot(-24, -321, 91)
0 ori(-234, 195, 0)
-->rot(-44, -289, 78)
0 ori(-195, 195, 0)
-->rot(-63, -259, 64)
0 ori(-156, 195, 0)
-->rot(-83, -228, 50)
0 ori(-117, 195, 0)
-->rot(-103, -198, 37)
0 ori(-78, 195, 0)
-->rot(-123, -167, 23)
0 ori(-39, 195, 0)
-->rot(-143, -135, 9)
0 ori(0, 195, 0)
-->rot(-162, -105, -3)
0 ori(39, 195, 0)
-->rot(-182, -75, -17)
0 ori(78, 195, 0)
-->rot(-201, -45, -31)
0 ori(117, 195, 0)
-->rot(-221, -13, -44)
0 ori(156, 195, 0)
-->rot(-241, 16, -58)
0 ori(195, 195, 0)
-->rot(-261, 47, -71)
0 ori(234, 195, 0)
-->rot(-280, 77, -85)
0 ori(273, 195, 0)
-->rot(-300, 108, -99)
0 ori(312, 195, 0)
-->rot(-319, 139, -112)
0 ori(351, 195, 0)
-->rot(-339, 170, -126)


1 ori(-351, 156, 0)
-->rot(47, -360, 119)
1 ori(-312, 156, 0)
-->rot(27, -330, 106)
1 ori(-273, 156, 0)
-->rot(7, -299, 92)
1 ori(-234, 156, 0)
-->rot(-11, -268, 78)
1 ori(-195, 156, 0)
-->rot(-31, -237, 65)
1 ori(-156, 156, 0)
-->rot(-51, -207, 51)
1 ori(-117, 156, 0)
-->rot(-70, -176, 38)
1 ori(-78, 156, 0)
-->rot(-90, -146, 24)
1 ori(-39, 156, 0)
-->rot(-110, -114, 10)
1 ori(0, 156, 0)
-->rot(-129, -84, -2)
1 ori(39, 156, 0)
-->rot(-149, -54, -16)
1 ori(78, 156, 0)
-->rot(-169, -23, -30)
1 ori(117, 156, 0)
-->rot(-188, 7, -43)
1 ori(156, 156, 0)
-->rot(-208, 38, -57)
1 ori(195, 156, 0)
-->rot(-228, 68, -70)
1 ori(234, 156, 0)
-->rot(-248, 99, -84)
1 ori(273, 156, 0)
-->rot(-267, 129, -98)
1 ori(312, 156, 0)
-->rot(-287, 161, -111)
1 ori(351, 156, 0)
-->rot(-307, 191, -125)


2 ori(-351, 117, 0)
-->rot(80, -339, 120)
2 ori(-312, 117, 0)
-->rot(60, -309, 107)
2 ori(-273, 117, -273)
-->rot(97, -354, -162)
2 ori(-234, 117, -273)
-->rot(77, -324, -175)
2 ori(-195, 117, 0)
-->rot(1, -216, 66)
2 ori(-156, 117, 0)
-->rot(-18, -185, 52)
2 ori(-117, 117, -273)
-->rot(18, -231, -216)
2 ori(-78, 117, -273)
-->rot(-1, -201, -230)
2 ori(-39, 117, 0)
-->rot(-77, -93, 11)
2 ori(0, 117, 0)
-->rot(-97, -62, -1)
2 ori(39, 117, 0)
-->rot(-116, -33, -15)
2 ori(78, 117, -273)
-->rot(-80, -78, -284)
2 ori(117, 117, -273)
-->rot(-99, -48, -298)
2 ori(156, 117, -273)
-->rot(-119, -17, -312)
2 ori(195, 117, -273)
-->rot(-139, 12, -325)
2 ori(234, 117, -273)
-->rot(-159, 44, -339)
2 ori(273, 117, 0)
-->rot(-235, 151, -97)
2 ori(312, 117, 0)
-->rot(-254, 182, -110)
2 ori(351, 117, 0)
-->rot(-274, 213, -124)


3 ori(-351, 78, 0)
-->rot(112, -318, 121)
3 ori(-312, 78, 0)
-->rot(92, -287, 108)
3 ori(-273, 78, -273)
-->rot(129, -333, -161)
3 ori(-234, 78, -273)
-->rot(109, -302, -174)
3 ori(-195, 78, 0)
-->rot(34, -195, 67)
3 ori(-156, 78, 0)
-->rot(14, -164, 53)
3 ori(-117, 78, -273)
-->rot(51, -210, -215)
3 ori(-78, 78, -273)
-->rot(31, -179, -229)
3 ori(-39, 78, 0)
-->rot(-45, -71, 12)
3 ori(0, 78, 0)
-->rot(-64, -41, 0)
3 ori(39, 78, 0)
-->rot(-84, -11, -14)
3 ori(78, 78, -273)
-->rot(-47, -56, -283)
3 ori(117, 78, -273)
-->rot(-66, -27, -297)
3 ori(156, 78, -273)
-->rot(-86, 3, -311)
3 ori(195, 78, -273)
-->rot(-106, 34, -324)
3 ori(234, 78, -273)
-->rot(-126, 65, -338)
3 ori(273, 78, -273)
-->rot(-146, 96, -352)
3 ori(312, 78, 0)
-->rot(-222, 203, -109)
3 ori(351, 78, 0)
-->rot(-242, 234, -123)


4 ori(-351, 39, 0)
-->rot(145, -296, 122)
4 ori(-312, 39, 0)
-->rot(125, -266, 109)
4 ori(-273, 39, -273)
-->rot(162, -312, -160)
4 ori(-234, 39, -273)
-->rot(142, -281, -174)
4 ori(-195, 39, 0)
-->rot(66, -173, 68)
4 ori(-156, 39, 0)
-->rot(46, -143, 54)
4 ori(-117, 39, -273)
-->rot(83, -189, -214)
4 ori(-78, 39, -273)
-->rot(63, -158, -228)
4 ori(-39, 39, 0)
-->rot(-12, -50, 13)
4 ori(0, 39, 0)
-->rot(-31, -20, 0)
4 ori(39, 39, 0)
-->rot(-51, 9, -13)
4 ori(78, 39, 0)
-->rot(-71, 40, -27)
4 ori(117, 39, 0)
-->rot(-90, 71, -40)
4 ori(156, 39, 0)
-->rot(-110, 102, -54)
4 ori(195, 39, 0)
-->rot(-130, 132, -68)
4 ori(234, 39, -273)
-->rot(-93, 86, -337)
4 ori(273, 39, -273)
-->rot(-113, 117, -351)
4 ori(312, 39, 0)
-->rot(-189, 225, -109)
4 ori(351, 39, 0)
-->rot(-209, 255, -122)


5 ori(-351, 0, 0)
-->rot(177, -276, 122)
5 ori(-312, 0, 0)
-->rot(157, -245, 109)
5 ori(-273, 0, -273)
-->rot(194, -291, -159)
5 ori(-234, 0, -273)
-->rot(174, -260, -173)
5 ori(-195, 0, -273)
-->rot(154, -229, -186)
5 ori(-156, 0, -273)
-->rot(135, -199, -200)
5 ori(-117, 0, -273)
-->rot(115, -168, -213)
5 ori(-78, 0, -273)
-->rot(95, -138, -227)
5 ori(-39, 0, 0)
-->rot(19, -30, 13)
5 ori(0, 0, 0)
-->rot(0, 0, 0)
5 ori(39, 0, 0)
-->rot(-19, 30, -13)
5 ori(78, 0, 0)
-->rot(-39, 61, -27)
5 ori(117, 0, -273)
-->rot(-2, 15, -295)
5 ori(156, 0, -273)
-->rot(-22, 46, -309)
5 ori(195, 0, -273)
-->rot(-41, 76, -322)
5 ori(234, 0, -273)
-->rot(-61, 107, -336)
5 ori(273, 0, 0)
-->rot(-137, 214, -95)
5 ori(312, 0, 0)
-->rot(-157, 245, -109)
5 ori(351, 0, 0)
-->rot(-177, 276, -122)


6 ori(-351, -39, 0)
-->rot(209, -255, 122)
6 ori(-312, -39, 0)
-->rot(189, -225, 109)
6 ori(-273, -39, 0)
-->rot(169, -194, 95)
6 ori(-234, -39, -273)
-->rot(207, -239, -173)
6 ori(-195, -39, -273)
-->rot(187, -208, -186)
6 ori(-156, -39, -273)
-->rot(168, -178, -200)
6 ori(-117, -39, -273)
-->rot(148, -147, -213)
6 ori(-78, -39, -273)
-->rot(128, -117, -227)
6 ori(-39, -39, 0)
-->rot(51, -9, 13)
6 ori(0, -39, 0)
-->rot(31, 20, 0)
6 ori(39, -39, 0)
-->rot(12, 50, -13)
6 ori(78, -39, -273)
-->rot(49, 6, -282)
6 ori(117, -39, -273)
-->rot(30, 36, -295)
6 ori(156, -39, 0)
-->rot(-46, 143, -54)
6 ori(195, -39, 0)
-->rot(-66, 173, -68)
6 ori(234, -39, 0)
-->rot(-86, 204, -81)
6 ori(273, -39, 0)
-->rot(-105, 235, -95)
6 ori(312, -39, 0)
-->rot(-125, 266, -109)
6 ori(351, -39, 0)
-->rot(-145, 296, -122)


7 ori(-351, -78, 0)
-->rot(242, -234, 123)
7 ori(-312, -78, 0)
-->rot(222, -203, 109)
7 ori(-273, -78, 0)
-->rot(202, -172, 96)
7 ori(-234, -78, 0)
-->rot(182, -141, 82)
7 ori(-195, -78, 0)
-->rot(163, -111, 69)
7 ori(-156, -78, 0)
-->rot(143, -80, 55)
7 ori(-117, -78, -273)
-->rot(180, -126, -213)
7 ori(-78, -78, -273)
-->rot(160, -95, -226)
7 ori(-39, -78, 0)
-->rot(84, 11, 14)
7 ori(0, -78, 0)
-->rot(64, 41, 0)
7 ori(39, -78, 0)
-->rot(45, 71, -12)
7 ori(78, -78, -273)
-->rot(82, 27, -281)
7 ori(117, -78, -273)
-->rot(63, 57, -294)
7 ori(156, -78, -273)
-->rot(43, 88, -308)
7 ori(195, -78, -273)
-->rot(23, 119, -322)
7 ori(234, -78, -273)
-->rot(3, 149, -335)
7 ori(273, -78, -273)
-->rot(-16, 180, -349)
7 ori(312, -78, 0)
-->rot(-92, 287, -108)
7 ori(351, -78, 0)
-->rot(-112, 318, -121)


8 ori(-351, -117, 0)
-->rot(274, -213, 124)
8 ori(-312, -117, 0)
-->rot(254, -182, 110)
8 ori(-273, -117, 0)
-->rot(235, -151, 97)
8 ori(-234, -117, 0)
-->rot(215, -120, 83)
8 ori(-195, -117, 0)
-->rot(195, -90, 70)
8 ori(-156, -117, 0)
-->rot(175, -59, 56)
8 ori(-117, -117, -273)
-->rot(213, -104, -212)
8 ori(-78, -117, -273)
-->rot(193, -74, -225)
8 ori(-39, -117, 0)
-->rot(116, 33, 15)
8 ori(0, -117, 0)
-->rot(97, 62, 1)
8 ori(39, -117, 0)
-->rot(77, 93, -11)
8 ori(78, -117, -273)
-->rot(114, 48, -280)
8 ori(117, -117, -273)
-->rot(95, 79, -293)
8 ori(156, -117, -273)
-->rot(75, 109, -307)
8 ori(195, -117, -273)
-->rot(55, 140, -321)
8 ori(234, -117, -273)
-->rot(36, 170, -334)
8 ori(273, -117, -273)
-->rot(16, 201, -348)
8 ori(312, -117, 0)
-->rot(-60, 309, -107)
8 ori(351, -117, 0)
-->rot(-80, 339, -120)


9 ori(-351, -156, 0)
-->rot(307, -191, 125)
9 ori(-312, -156, 0)
-->rot(287, -161, 111)
9 ori(-273, -156, 0)
-->rot(267, -129, 98)
9 ori(-234, -156, 0)
-->rot(248, -99, 84)
9 ori(-195, -156, 0)
-->rot(228, -68, 70)
9 ori(-156, -156, 0)
-->rot(208, -38, 57)
9 ori(-117, -156, 0)
-->rot(188, -7, 43)
9 ori(-78, -156, 0)
-->rot(169, 23, 30)
9 ori(-39, -156, 0)
-->rot(149, 54, 16)
9 ori(0, -156, 0)
-->rot(129, 84, 2)
9 ori(39, -156, 0)
-->rot(110, 114, -10)
9 ori(78, -156, 0)
-->rot(90, 146, -24)
9 ori(117, -156, 0)
-->rot(70, 176, -38)
9 ori(156, -156, 0)
-->rot(51, 207, -51)
9 ori(195, -156, 0)
-->rot(31, 237, -65)
9 ori(234, -156, 0)
-->rot(11, 268, -78)
9 ori(273, -156, 0)
-->rot(-7, 299, -92)
9 ori(312, -156, 0)
-->rot(-27, 330, -106)
9 ori(351, -156, 0)
-->rot(-47, 360, -119)


10 ori(-351, -195, 0)
-->rot(339, -170, 126)
10 ori(-312, -195, 0)
-->rot(319, -139, 112)
10 ori(-273, -195, 0)
-->rot(300, -108, 99)
10 ori(-234, -195, 0)
-->rot(280, -77, 85)
10 ori(-195, -195, 0)
-->rot(261, -47, 71)
10 ori(-156, -195, 0)
-->rot(241, -16, 58)
10 ori(-117, -195, 0)
-->rot(221, 13, 44)
10 ori(-78, -195, 0)
-->rot(201, 45, 31)
10 ori(-39, -195, 0)
-->rot(182, 75, 17)
10 ori(0, -195, 0)
-->rot(162, 105, 3)
10 ori(39, -195, 0)
-->rot(143, 135, -9)
10 ori(78, -195, 0)
-->rot(123, 167, -23)
10 ori(117, -195, 0)
-->rot(103, 198, -37)
10 ori(156, -195, 0)
-->rot(83, 228, -50)
10 ori(195, -195, 0)
-->rot(63, 259, -64)
10 ori(234, -195, 0)
-->rot(44, 289, -78)
10 ori(273, -195, 0)
-->rot(24, 321, -91)
10 ori(312, -195, 0)
-->rot(4, 351, -105)
10 ori(351, -195, 0)
-->rot(-15, 382, -118)